,second,frame,brightness_mean,brightness_max,brightness_min,saturation_mean,texture,contrast,color_entropy,loudness.1,chroma_0,chroma_1,chroma_2,chroma_3,chroma_4,chroma_5,chroma_6,chroma_7,chroma_8,chroma_9,chroma_10,chroma_11,mfcc_0,mfcc_1,mfcc_2,mfcc_3,mfcc_4,mfcc_5,mfcc_6,mfcc_7,mfcc_8,mfcc_9,mfcc_10,mfcc_11,mfcc_12,mfcc_13,mfcc_14,mfcc_15,mfcc_16,mfcc_17,mfcc_18,mfcc_19,spectral_centroid,spectral_rolloff,zero_crossing_rate,Unnamed: 0,anger,joy,disgust,fear,sadness,sentiment,content,sentiment_count_product,cid,view,reply,favorite,coin,share,like,duration,danmuku_amount,loudness
second,1.0,0.99959765645098,-0.14146815942565874,-0.04793487027300249,-0.012179731360653999,0.22026882353445348,-0.03437981122500275,-0.16671004146686252,-0.06670168209426972,-0.13150299946119667,0.007461692893282302,0.004093754570357428,-0.010863813961782699,-0.0249742765314274,-0.017208545050803867,0.013467530521274178,0.08897045793708261,0.008296150525678433,-0.040024370346214186,-0.05611920320358485,-0.05020096627634504,-0.016111620481165642,-0.24486105222875418,-0.09152743505855639,0.18637758266810092,0.18949045663211797,0.04476048952970958,0.14018024230178558,-0.05067467665346359,0.043577251293523946,0.08673837287339867,-0.00043600994297432455,-3.760982047987946e-05,-0.04750437770984739,0.0005130559503063635,-0.0024803710850636574,0.06318302285477533,-0.0941015094283901,0.07892200768702429,-0.0776700286199459,0.06291098107504967,-0.09254447305363481,0.2528018348765524,0.12347583614546566,0.25651476179202215,0.9012397684257477,-0.0232374922579926,-0.0024611339956757913,-0.004032339302124363,-0.011531174152898848,-0.00589146675178793,0.02566787963585001,-0.0513322098267301,-0.043051520825200425,-0.1439909570255313,-0.031395041124258775,-0.03214907721489494,0.21187829039660078,0.03843332115990481,0.020000644565448932,-0.03783764212950723,0.829300378727079,0.027226465265104593,-0.03952083277742951
frame,0.99959765645098,1.0,-0.1416427528340475,-0.04822548745479315,-0.012305067435851757,0.22126286551069932,-0.03412499593556415,-0.16832658063695374,-0.06640675775002192,-0.13134282207974382,0.007257943857657895,0.0037064308233712797,-0.011095811546812136,-0.025143320062965404,-0.017116181720439428,0.013670614056356846,0.0884571967994119,0.007818409412061546,-0.040666908240173334,-0.056737272185511216,-0.05093449545452066,-0.016513260286809748,-0.24689405227671188,-0.09304222141751897,0.18640680418717706,0.19097671315666048,0.045767385377788954,0.13926980199230718,-0.05006957831627304,0.04321012773411606,0.08685201551087547,-0.0004748001626848265,-0.0008004710955083412,-0.04715513181197615,4.5295033382565286e-05,-0.002748103530618776,0.06266646354043476,-0.09396124489765845,0.07830415407813252,-0.07754762920100697,0.061591489143200256,-0.09231430931531372,0.2541319397401012,0.12362214804389389,0.25826727388952553,0.9033622913161516,-0.0216728774857606,-0.0008907706042666799,-0.002509043975639922,-0.00981595812212482,-0.003927569527922715,0.02381350791426566,-0.046285824710022086,-0.03828949765152867,-0.14612417565278354,-0.032107896629545996,-0.032233165429775036,0.21277287828149422,0.036704525946756536,0.018719263049090416,-0.03830095722321009,0.8317433258543786,0.029931848621916588,-0.041154285586906446
brightness_mean,-0.14146815942565874,-0.1416427528340475,1.0,0.17004590521365825,0.11744069236284446,-0.5845376342913385,0.05000980828113799,0.2864688357175076,0.35517078349568987,0.019237902359711973,-0.005385798160065607,-0.006202232371074944,-0.005017955043610975,-0.005451153333396692,-0.0010495136720857117,0.007498870146285544,-0.0420398129179649,-0.022747627259943688,-0.00607924601901554,-0.003352935975722947,-0.0025723548095628692,-0.0023004599620514727,0.04861231386144302,-0.01613912773960099,-0.05398236092076192,-0.03313023564876877,0.022314874553904185,-0.038958882794717445,0.01740898129428662,-0.022748796318290986,-0.007521044047812995,0.002271777989622702,-0.010744692313090434,0.011003429758222683,-0.0064363940910719215,-0.006770894998136944,-0.024754184095723383,0.028491177472878142,-0.040543900645883875,0.02945701176514492,-0.02143479737304629,0.03644920438709625,-0.025170366681369634,-0.014778362877445373,-0.025326923526074886,-0.05936819374577587,-0.005267906450668751,-0.015640152516360636,-0.019743466460695712,-0.0012850101022567244,-0.0050657011707246615,-0.021720327644002124,-0.001609712929043162,-0.008258445859413923,0.039974771965596255,0.014214608412260115,0.004134719890664861,-0.05029343194255106,-0.021675141488181986,0.012679222230037649,-0.018122460045938944,-0.16397418446883436,0.001220071781845988,0.011530208888725654
brightness_max,-0.04793487027300249,-0.04822548745479315,0.17004590521365825,1.0,-0.03066482570053201,-0.09617167524369329,0.010802816579916047,0.21628764427833438,0.2100085850735951,0.017428792225672545,-0.009423799106606406,-0.007739779434529979,-0.005608935049545565,-0.0051800570251306485,-0.003111292265418167,-0.000836167183485738,-0.02391440041698861,-0.014334581305351736,-0.007451093111926603,-0.005624877129139452,-0.005477490489051174,-0.007202155548771874,0.037673601197277064,0.0181147117983406,-0.03261169587046159,-0.030902184977811716,0.025452852556800215,-0.02762122186573932,0.012981077367274324,-0.01682390007171466,-0.004806441386680385,-0.015070685678543477,0.0037680899848274796,-0.001849305211941567,-0.0040048336116497996,-0.008576627101736746,-0.007988638188051345,0.004306807470595341,-0.02522626770334024,0.01031882111163693,-0.017941509615684692,0.012736505067465737,-0.02197550484423437,-0.018056550234027618,-0.0232631665249412,0.018257970978008096,0.0021572859754939258,-0.0011343958361245778,0.003654169004117703,0.00018589458849952215,0.004039699475572511,-0.009832190919404482,0.008534910126891114,0.006054213049316465,-0.0020464189057989236,0.010216491523537844,0.013027849274869566,-0.03006670086261557,-0.002870811223780869,-0.008105162479650162,0.0003133912401920966,-0.053590766170362486,0.01897923341284402,0.012817101078372193
brightness_min,-0.012179731360653999,-0.012305067435851757,0.11744069236284446,-0.03066482570053201,1.0,-0.08586419205822059,-0.011588596089774307,-0.14299525910971192,-0.0777896944427231,0.007158433054889664,-0.002787580736649249,-0.0013971814632049325,0.0008204826193626744,0.002076827995179354,0.005446866564030727,0.005615960997970825,0.0036428506761266377,-0.0008948122739784719,-0.00119159738974818,-0.001141572863971111,-0.001766387738454181,-0.002963506712372884,-0.0009538677174809986,-0.003343589471820946,0.0059842799814406305,0.010894805041277435,0.00542751048668611,-0.003547478808857489,0.0019126613868464737,-0.0029166805076378025,0.014437956384070414,0.012342806137527794,-0.006066385723258594,-0.005933067265928105,0.009007292745363112,-0.001584025303077894,0.004990258425409956,0.0073722944275463114,0.0027458665710651743,0.004408928337640995,0.01170810095731279,-0.0004828487861898784,0.011289020057080412,0.012537286061144291,0.011910496160103447,-0.009774841736621312,0.0005209032744751822,0.006772617565523803,-0.0024198852896404077,-0.0008062809284067404,-0.002771320779227066,0.005807941736303526,-0.002587768048627393,-0.0004172889817950323,0.009221980585130253,0.0010573441396422105,0.000631075394953035,0.015250380912775589,-0.0010369989452840174,0.00609028069102317,0.003950371592325961,-0.013076153362770968,-0.005076944244756142,0.0015238954379576438
saturation_mean,0.22026882353445348,0.22126286551069932,-0.5845376342913385,-0.09617167524369329,-0.08586419205822059,1.0,-0.016484440099749604,-0.22705324370342186,-0.43136638559557994,-0.009211431056688268,-0.011784144217194766,-0.013499766325892738,-0.017226529522316514,-0.02297102891738673,-0.02435197959765305,-0.0201822700204941,0.037997510389528893,-0.0003199362226762383,-0.02520873348002966,-0.0287106881942344,-0.029826821959912812,-0.02194956402236436,-0.08680004995222682,-0.0076503638438923495,0.09617507597604363,0.06704087539418332,0.010504579548461686,0.04828991574204501,0.01337378924454702,0.007358275561290356,0.026332965034360212,-0.0143582275878609,0.017924430096146454,-0.025412080140271832,0.022471270177664798,-0.013333632239029024,0.03025659931078412,-0.04836863317130191,0.05218476811892614,-0.03896477978358975,0.029256219517553674,-0.056938805690910296,0.11417426278109633,0.07036496511016983,0.11640075942350069,-0.04038023786315975,0.007569212641026696,0.008843782161603869,0.011741922869797463,0.0076096647947485685,-0.0019264112704672105,0.03015670878883645,-0.012686001678892705,-0.0026226472734600507,-0.06467380456997147,-0.05345590915724872,-0.055860754033992356,0.0914449772943785,-0.029442321964796188,0.002774639684733941,-0.005479020084965716,0.26283364361325673,-0.08652003110779387,0.012534018894326454
texture,-0.03437981122500275,-0.03412499593556415,0.05000980828113799,0.010802816579916047,-0.011588596089774307,-0.016484440099749604,1.0,0.007179002737983268,0.020518069271395694,-0.02410288437023656,0.0008622043448145921,-0.00010087700154377622,0.0006987895157819104,0.004004219640929042,0.005610514306791188,-0.0018062283006595075,-0.011051984268485486,-0.005999451795817304,-0.0020235445554683796,0.00032800487672351574,0.0006540817715344756,6.556404267003678e-06,-0.016186065875137882,-0.007141618759728065,-0.004304662148929345,-0.010890521106284575,-0.015975376214714718,0.0010849060265625487,0.0011697805012103114,0.005409155910716098,-0.005990812978620978,-0.006638470121126221,0.001501479567279953,0.011128480000745032,-0.006634694306193168,-0.0005581712446157825,0.003985622364519825,0.005691635942991812,0.007569285990988972,0.002667995811937041,-0.004753328456862152,0.006855356039527187,-0.006368658344993975,-0.005165609111144734,-0.004419749301796511,-0.035192244771894816,-0.007354591296451675,-0.0077770983186378415,0.004058067477203755,-0.003309615246645238,-0.0014987583760362273,0.01262948240991669,-0.016724883750528715,-0.011655112547719301,-0.014989835631947343,-0.032897516366606705,-0.02418703069027086,-0.02473145897062233,-0.0199744201983708,-0.022033005191961573,-0.02593126084343182,-0.035085205492626136,-0.023018096302911344,-0.01233707207484245
contrast,-0.16671004146686252,-0.16832658063695374,0.2864688357175076,0.21628764427833438,-0.14299525910971192,-0.22705324370342186,0.007179002737983268,1.0,0.3232263099600699,0.014314142936511955,-0.009762831453057631,-0.009699995467131342,-0.00941802445502766,-0.011859436190138845,-0.014345232461941275,-0.008252911751678346,-0.04562408789746101,-0.020987673197406267,-0.004731264872132299,-0.0024721903594212905,-0.0030241751056998925,-0.004940526110876264,0.0761054798135026,0.02447571550165642,-0.0681628481587194,-0.07980227758710695,0.00879703897480943,-0.03153761298055144,0.012077126940614908,-0.024217459749315967,-0.021886595688610493,-0.020806821304154653,0.008028471986755418,0.006854221345364678,-0.0037640110581621225,-0.009398791243649141,-0.027326595222467578,0.009792514649478602,-0.030380756749299662,0.019731256313816517,-0.029132619010042337,0.02788143344671799,-0.06916965265803406,-0.03968827293056406,-0.07124431000820991,-0.004299430712068175,-0.0011653107384734136,-0.015382820771028137,0.0022097352438028477,0.01276723011144183,-0.010186798057474144,-0.020493070996906945,-0.018244845370931666,-0.026395025103270704,0.019559044815357557,0.007438713727522081,0.017799905176534177,-0.08855087001032398,0.009191875909455444,0.0013454058879508765,-0.008792324478055762,-0.20680733510238727,0.008754274643061447,0.0027826453401750212
color_entropy,-0.06670168209426972,-0.06640675775002192,0.35517078349568987,0.2100085850735951,-0.0777896944427231,-0.43136638559557994,0.020518069271395694,0.3232263099600699,1.0,-0.022110405258325198,-0.0029309187011025474,-0.00010793066490280867,0.0025401510215526347,0.002707799689550669,0.004409537509624318,0.013439521869974365,-0.03287929003947944,-0.018270655076119465,-0.008223376562829707,-0.007107713571062147,-0.007083421254692369,-0.0035193608695616822,0.016409562091419583,0.006911410828019452,-0.02692887957041824,-0.05550214202681432,0.005440201076341199,-0.027016401873542248,-0.029102830404321166,-0.023679554011914045,-0.004398626138266643,-0.04332006311526768,0.01746173626805289,0.0070480261291936365,-0.010601396728131016,-0.01612845944959055,-0.007461987936754776,-0.014717881475748514,-0.009487855822932862,0.002944873970601158,-0.008631371828713891,0.021007324874384208,-0.011689154389878444,-0.0043853052147266,-0.014789008674028166,0.01777016307808772,-0.016777264479311733,-0.019814001145189938,-0.020107930560016623,-0.05067474609119108,-0.01109269853876615,-0.024106236486793182,-0.015915542779491833,-0.021249640072003834,0.017149047067494372,-0.0739585502665883,-0.02867110044888002,-0.12454125847105718,-0.06534009116958923,-0.10139334920660598,-0.08414987089568596,-0.09042629787326385,0.0038815560507678127,-0.016457010065077833
loudness.1,-0.13150299946119667,-0.13134282207974382,0.019237902359711973,0.017428792225672545,0.007158433054889664,-0.009211431056688268,-0.02410288437023656,0.014314142936511955,-0.022110405258325198,1.0,-0.07369065445446622,-0.0707707436681853,-0.0638471111703567,-0.06031979750048322,-0.06883396762783973,-0.08238497519483438,-0.08905908997958507,-0.07156792796008021,-0.060790948255460595,-0.05905381311460345,-0.05719777986878311,-0.0687993986216778,0.6381768705704258,0.5329503016623546,-0.004147385635945833,-0.15281652625280143,0.2706065439674724,-0.23631237084914786,0.3432253509221327,-0.20049822919621857,-0.010295853542868334,-0.13485007341715832,0.06290084491451782,-0.13628000627333237,0.09979215650065935,-0.21775709370939206,-0.0092142601017377,0.003944227178053619,-0.10098187695255276,-0.01936810968774511,-0.0654338343468447,-0.05647763893170103,-0.18090531204720842,-0.1407460868295118,-0.16544293520155606,-0.08331701124564193,0.01462477388231128,0.01635921120221692,0.007456237904808453,-0.0005739424088422911,0.010744714124760016,0.022490630622042304,0.03518156868729499,0.04431122686927105,0.023846958118902434,0.056889214877796176,0.01798766610710795,0.09558408680381565,0.031126380032269408,0.040664186920368925,0.09810560959691517,-0.15963613618438935,-0.042215264117020784,
chroma_0,0.007461692893282302,0.007257943857657895,-0.005385798160065607,-0.009423799106606406,-0.002787580736649249,-0.011784144217194766,0.0008622043448145921,-0.009762831453057631,-0.0029309187011025474,-0.07369065445446622,1.0,0.7508244608131042,0.4222898503098337,0.21652688914756726,0.1016771123346572,0.041182870869672136,0.00738430412988474,0.026318946075521137,0.07727386350176742,0.18560707026360035,0.41155220470005277,0.7663533427448402,-0.04547693631094681,-0.07544363948801248,-0.01849774901330536,0.10512843488534107,0.05184346955089324,0.08790736956750096,0.052198966597496746,0.17294668893000537,0.12509774369342436,0.17380828309469099,0.03435090256803747,0.09000080767749634,0.010166731217000216,0.1602492973370024,0.11152705235762342,0.1735733423733495,0.07212109572912903,0.12304368357403969,0.024770075894491244,0.05745235224121053,-0.05566644430538142,-0.004946229043761383,-0.1015032831119858,0.02657599931732548,0.0027578202824780555,-0.009538208481473251,-0.00422780059636543,-0.0016715158953105765,-0.0032282766977964512,-0.01322198652039152,-0.0018220303015448521,-0.006751409703426987,0.00308583150325659,-0.008631446052542843,0.005929607679620222,-0.033254529585724134,0.0005887896625179365,-0.01510351380033466,-0.016431466954909196,0.007609212204468356,0.021385052472486406,-0.08082178713825561
chroma_1,0.004093754570357428,0.0037064308233712797,-0.006202232371074944,-0.007739779434529979,-0.0013971814632049325,-0.013499766325892738,-0.00010087700154377622,-0.009699995467131342,-0.00010793066490280867,-0.0707707436681853,0.7508244608131042,1.0,0.7767104293379283,0.4472065947143503,0.2132356170708715,0.10873630570079801,0.05381255629229925,0.03238288969262627,0.05413348983896346,0.10742104943852633,0.2164993849417747,0.4337039728527648,-0.04467314880920307,-0.08212344388344313,-0.02229068085289274,0.10490778213735012,0.054540424207602606,0.0824003435554158,0.04654264346441549,0.1600615243198948,0.12028496560026664,0.17295002197488962,0.02679972651817853,0.099727107019902,0.055418985654929594,0.208859688240938,0.1366395233749591,0.18798601228737877,0.06992407591313211,0.11896092534895979,0.012482953619199296,0.05947458291143016,-0.05258452032474291,0.0031433638738953655,-0.10633848073337178,0.033626084854575064,0.0012110335148006633,-0.010265748283687306,-0.00392467967634778,-0.00044124214881202276,-0.0027513289322178476,-0.011967063929557414,-0.0013986838373342653,-0.006197439823368654,0.0031480866166548873,-0.010878857625495108,0.005741631815926597,-0.0388974731792003,0.0032374586201263985,-0.02018020401799643,-0.017651563174453523,0.002860300296819488,0.026964499849520453,-0.07378473373598374
chroma_2,-0.010863813961782699,-0.011095811546812136,-0.005017955043610975,-0.005608935049545565,0.0008204826193626744,-0.017226529522316514,0.0006987895157819104,-0.00941802445502766,0.0025401510215526347,-0.0638471111703567,0.4222898503098337,0.7767104293379283,1.0,0.7832317988632808,0.4155254852507839,0.22231881922360766,0.11499015709357502,0.06456584988548418,0.04382731645393494,0.06567028138903232,0.11528959244784777,0.22899125672300977,-0.03486681985202301,-0.08726804121169267,-0.031362401826527816,0.0906057339774069,0.05186233114038976,0.06447600802384494,0.034725288800125195,0.1414257443008587,0.11798047816684958,0.1613916813158741,0.020319374997171444,0.11632266572324684,0.10427065354138794,0.24405391967605253,0.15167307051315662,0.19170062199583995,0.06550503625748931,0.1154106870361928,0.00674008914051201,0.07094994635365835,-0.05029338325410963,0.009668107742556397,-0.10789400433741873,0.036355080867049916,0.00014710145859221183,-0.009048719734458617,-0.0058413663907452285,0.0019068861793934907,-0.0023241958734160776,-0.010814580532341612,0.0004953814341107834,-0.004140273042550945,0.00978303746198555,-0.008167272045243642,0.010005560818445593,-0.03289014044069991,0.006420014605666284,-0.017075716560503464,-0.014180448567605511,-0.014927993594022098,0.03119005916485709,-0.0672671273823686
chroma_3,-0.0249742765314274,-0.025143320062965404,-0.005451153333396692,-0.0051800570251306485,0.002076827995179354,-0.02297102891738673,0.004004219640929042,-0.011859436190138845,0.002707799689550669,-0.06031979750048322,0.21652688914756726,0.4472065947143503,0.7832317988632808,1.0,0.7356728112457185,0.4112240235286946,0.21774407935010448,0.126407259227782,0.06780551257563006,0.04958561020654766,0.06827357280965145,0.11638344635727174,-0.033501233659398534,-0.09050849261942324,-0.03725041110904377,0.07683283825789247,0.042399526441691725,0.05678235936373427,0.024805714803276913,0.13817831202637723,0.12015326336280564,0.15510372443898318,0.0261328259706328,0.14427930232993863,0.14514395582162568,0.258456376930539,0.14177097258246207,0.17391466001113048,0.053557327274092584,0.10882634226433548,0.012398766904769227,0.09066586427005774,-0.05398290106527848,0.009126719530446074,-0.1150296667619712,0.03784389853742534,-0.002387575751261491,-0.007799956126259818,-0.0064461221464290975,0.003008149912957698,-0.0016094962600978358,-0.011344921968139545,0.0032138099878555692,-0.0011360432019641056,0.01816940854010683,-0.0030432007713359437,0.015114910000009002,-0.02794931613824062,0.012148469989572523,-0.017192194300200792,-0.010485213742404064,-0.03193011401277019,0.037381084042237875,-0.06762697472117755
chroma_4,-0.017208545050803867,-0.017116181720439428,-0.0010495136720857117,-0.003111292265418167,0.005446866564030727,-0.02435197959765305,0.005610514306791188,-0.014345232461941275,0.004409537509624318,-0.06883396762783973,0.1016771123346572,0.2132356170708715,0.4155254852507839,0.7356728112457185,1.0,0.742639800014323,0.36645519736441357,0.2219003297967593,0.11752369049640773,0.0564650204200982,0.037905780502697925,0.05338927650008825,-0.05321246593954953,-0.11763145730664333,-0.014133720416854925,0.08281319009131535,0.032905065516378916,0.048362889933033906,0.021391741385116386,0.13408534302616157,0.145770228567,0.15365787522276053,0.046464237228818345,0.17082456124646164,0.18549004165953095,0.2518283813455089,0.1370234205907335,0.1416259619908949,0.05804265794595721,0.09888966657455536,0.03721348322422875,0.10010443358362697,0.01670465902825493,0.058219249922791566,-0.035829292640988025,0.034658925755968205,-0.002179216323836388,-0.007382951368995489,-0.0063539011861530525,0.005366370628290955,0.00159402783241549,-0.008375441221995298,0.006376162113820214,0.0029188036007419646,0.02503594703738748,-0.0016021764130514514,0.01830489075413279,-0.0038579419575476962,0.014310876374163247,-0.009193712193225916,-0.009907045349455976,-0.02272702724574626,0.03431963469717345,-0.07616753169284021
chroma_5,0.013467530521274178,0.013670614056356846,0.007498870146285544,-0.000836167183485738,0.005615960997970825,-0.0201822700204941,-0.0018062283006595075,-0.008252911751678346,0.013439521869974365,-0.08238497519483438,0.041182870869672136,0.10873630570079801,0.22231881922360766,0.4112240235286946,0.742639800014323,1.0,0.6458382787289437,0.3819416892491636,0.20720977813605745,0.0980784640027132,0.04212328046092697,0.018636663907293856,-0.08922645348834908,-0.16072002542045857,0.013021955688791644,0.10545589902736127,0.033302211664663434,0.06678980504902478,0.01775096194687366,0.1544842887526291,0.18623735299010458,0.16848842592208105,0.08356681570460674,0.19962596984691178,0.20891156948683154,0.2396864468910754,0.132857657930256,0.11562095241091443,0.08085075129845534,0.09900866853739737,0.07793865388322906,0.11623879608807348,0.10174728075376112,0.11285265138152002,0.0675532987048866,0.0320424688893446,-0.00027008171995288526,-0.0040574805520373096,-0.003984788488248241,0.006307886512583407,0.005938171333869198,-0.006975600898790747,0.014496241678492415,0.011286332209562433,0.022584951310473413,0.000692329045817346,0.019333226798057965,0.01823266861554778,0.01770570440808315,-0.0022472431155242684,-0.0070844662232770654,0.01265139085464483,0.03426400076713144,-0.08800510805612945
chroma_6,0.08897045793708261,0.0884571967994119,-0.0420398129179649,-0.02391440041698861,0.0036428506761266377,0.037997510389528893,-0.011051984268485486,-0.04562408789746101,-0.03287929003947944,-0.08905908997958507,0.00738430412988474,0.05381255629229925,0.11499015709357502,0.21774407935010448,0.36645519736441357,0.6458382787289437,1.0,0.7337736197160311,0.3863961022865562,0.1942773888466646,0.07727202946481457,0.018046102647359424,-0.1072692407310272,-0.10853299867215763,0.02241646210846745,0.1032939259984074,0.042971652127209804,0.07920952529734974,0.027439175132435455,0.16264452062819576,0.18887767982136247,0.17472134395752778,0.11223186072955897,0.17360957547022157,0.20427301414133045,0.18574115497456586,0.09604904655644317,0.09201478463343221,0.0780803076064759,0.08156812716469154,0.10080807599536591,0.11101945864214273,0.11610353401539536,0.11732127407969273,0.06154352153553944,0.03404490439958881,-0.005267147554246954,-0.004582234621103547,-0.009076860380058716,-0.0033656671073555794,-0.0017352174011989927,-8.057006571790013e-05,0.005784381413573564,0.005529880910057278,-0.04352722337685174,-0.01187137167105751,-0.010078409880938605,-0.006658047659114344,0.004441358176338334,-0.020020790272179227,-0.01363526935577273,0.10307372228332813,0.015842560380342107,-0.07374343392762202
chroma_7,0.008296150525678433,0.007818409412061546,-0.022747627259943688,-0.014334581305351736,-0.0008948122739784719,-0.0003199362226762383,-0.005999451795817304,-0.020987673197406267,-0.018270655076119465,-0.07156792796008021,0.026318946075521137,0.03238288969262627,0.06456584988548418,0.126407259227782,0.2219003297967593,0.3819416892491636,0.7337736197160311,1.0,0.7294346996431907,0.39963685458186027,0.19339363834166848,0.07530233930407242,-0.050496852486962104,-0.07923838514214548,-0.03193229828438202,0.06622197868646847,0.022946393648891106,0.054102342868754774,0.03271899165906089,0.17533325655533805,0.1568083835719564,0.18671716552457943,0.10727841182871826,0.20689385033394914,0.14163328480040915,0.15729271180649182,0.03633325692681222,0.10073298430133329,0.04366273017571579,0.1191156166121024,0.08393078968795255,0.16922022011777443,-0.031013198459730176,0.019101980834533207,-0.08574683111059359,0.029357777075414336,-0.0014160326441916748,-0.004641278632387597,-0.007530570175725217,-0.0020900756545820984,-0.0012449610694581252,-0.009575680193674824,0.004493964446093302,0.0009259883035868944,-0.01188675868211304,-0.0022926186333049126,0.00220439065819904,-0.03640950404012499,0.0038549065107381774,-0.01756776317132066,-0.011579995486200097,0.007976629557662561,0.022865673325072035,-0.0735673033559813
chroma_8,-0.040024370346214186,-0.040666908240173334,-0.00607924601901554,-0.007451093111926603,-0.00119159738974818,-0.02520873348002966,-0.0020235445554683796,-0.004731264872132299,-0.008223376562829707,-0.060790948255460595,0.07727386350176742,0.05413348983896346,0.04382731645393494,0.06780551257563006,0.11752369049640773,0.20720977813605745,0.3863961022865562,0.7294346996431907,1.0,0.7703703906349533,0.4282192222538343,0.20597577695011265,-0.01971535112370113,-0.07018093570691947,-0.06203661390123308,0.049514256188324335,0.019934488655817803,0.04932835229350073,0.050161240905516526,0.19527865744214207,0.15410270337058,0.20469727906361565,0.11047924066832213,0.20974566592784577,0.08494483583652769,0.12332752813464563,0.005249418597574643,0.11176228169781112,0.029670927681205987,0.1415731990797555,0.07837181161000127,0.18501090817622295,-0.08671838110750336,-0.022641891076479233,-0.1374686360789128,0.03007018789057587,0.0007691593259794514,-0.008075053647793085,-0.006587610769519594,-0.0020449790417970642,-0.0013387163054195351,-0.01450715475663802,0.0025834146091251575,-0.0022970231537738617,0.008002786959316688,0.006352659065045551,0.010182368614518546,-0.04813721135669195,0.008745968936543112,-0.017316412639182766,-0.006489101374596988,-0.049711702421373884,0.03013959304683322,-0.07171971988155552
chroma_9,-0.05611920320358485,-0.056737272185511216,-0.003352935975722947,-0.005624877129139452,-0.001141572863971111,-0.0287106881942344,0.00032800487672351574,-0.0024721903594212905,-0.007107713571062147,-0.05905381311460345,0.18560707026360035,0.10742104943852633,0.06567028138903232,0.04958561020654766,0.0564650204200982,0.0980784640027132,0.1942773888466646,0.39963685458186027,0.7703703906349533,1.0,0.7478216874532108,0.4035398968899231,-0.009578678587476458,-0.06506406566861961,-0.06834873592046804,0.04790715464790158,0.02860302589465298,0.055535003110589086,0.06525426194468147,0.20517447680613313,0.15811146025517392,0.20970793657108025,0.10795604475365746,0.1868006715870533,0.04252926791715869,0.10252327748724606,0.01182065540930822,0.13107896900590804,0.043646282660973125,0.15580215440162687,0.07929588378098582,0.17289464277083297,-0.09370018838476529,-0.028717960713244804,-0.14145807326868348,0.02598753987436621,0.0018149677688547585,-0.008701166869332444,-0.0050119042267839685,-0.001388971774668624,-0.0011299095253505186,-0.014632903856671353,0.00287787170120861,-0.002405176345600983,0.014815236797333136,0.0057547083842036375,0.010828919580000325,-0.05072515240431742,0.006682805978463756,-0.015504162782703236,-0.006205958192447953,-0.06868259104714204,0.028932433479720375,-0.07519135737183075
chroma_10,-0.05020096627634504,-0.05093449545452066,-0.0025723548095628692,-0.005477490489051174,-0.001766387738454181,-0.029826821959912812,0.0006540817715344756,-0.0030241751056998925,-0.007083421254692369,-0.05719777986878311,0.41155220470005277,0.2164993849417747,0.11528959244784777,0.06827357280965145,0.037905780502697925,0.04212328046092697,0.07727202946481457,0.19339363834166848,0.4282192222538343,0.7478216874532108,1.0,0.7582033234221269,-0.011009385699367095,-0.05320688728088365,-0.05807519689128241,0.05928798278376932,0.040457310864172855,0.07084864012753296,0.0652126655414291,0.20329695303003587,0.1461262804120975,0.19723434155752306,0.09094956720328605,0.14318423020036644,0.005652895255271671,0.09826000555280952,0.035756730360320774,0.14697177071417292,0.05700309695845019,0.14734274866443692,0.06475040582986656,0.13251435441667966,-0.09853724647418093,-0.03475988483620004,-0.14473014266437156,0.024924687255825494,0.0015066189508679796,-0.010127295768640146,-0.004629926332423556,-0.0035098064177847255,-0.0018002001499041432,-0.014203055623736556,-0.000807319328718337,-0.00566445280888196,0.015189831887538146,0.0034083666026348248,0.008990049480893915,-0.0471828814229859,0.004393395619910915,-0.016180409400652584,-0.0069114643384393685,-0.062388661142657044,0.026420759768010775,-0.07905217834694454
chroma_11,-0.016111620481165642,-0.016513260286809748,-0.0023004599620514727,-0.007202155548771874,-0.002963506712372884,-0.02194956402236436,6.556404267003678e-06,-0.004940526110876264,-0.0035193608695616822,-0.0687993986216778,0.7663533427448402,0.4337039728527648,0.22899125672300977,0.11638344635727174,0.05338927650008825,0.018636663907293856,0.018046102647359424,0.07530233930407242,0.20597577695011265,0.4035398968899231,0.7582033234221269,1.0,-0.028868654549117637,-0.06539513577659614,-0.03889058881009468,0.08469581514834473,0.04951028253863342,0.07942312858020188,0.05812245695730641,0.18593348397314904,0.13357162021086774,0.1835078298795964,0.05642981774701853,0.10371323158123796,-0.007390525150025748,0.1233141092654877,0.0795595869067432,0.1692271152676511,0.07305848011799844,0.14428483423458155,0.0505527421877068,0.09104639543249828,-0.07392912357368536,-0.01764391446786552,-0.11941528184670769,0.023211683775594773,0.0031815288138585286,-0.009351522807663548,-0.003900900078436504,-0.0039048602139637777,-0.0021990126185601113,-0.014871580169702258,-0.0021627985517685207,-0.007039995747784563,0.008229549702494437,-0.0012935507048481747,0.005909073441202015,-0.03654723370782614,0.001218754446979491,-0.014933955657130512,-0.011139846104399189,-0.020571504098735142,0.020594520566063805,-0.08579149896704447
mfcc_0,-0.24486105222875418,-0.24689405227671188,0.04861231386144302,0.037673601197277064,-0.0009538677174809986,-0.08680004995222682,-0.016186065875137882,0.0761054798135026,0.016409562091419583,0.6381768705704258,-0.04547693631094681,-0.04467314880920307,-0.03486681985202301,-0.033501233659398534,-0.05321246593954953,-0.08922645348834908,-0.1072692407310272,-0.050496852486962104,-0.01971535112370113,-0.009578678587476458,-0.011009385699367095,-0.028868654549117637,1.0,0.5737029508370614,-0.4866988160013454,-0.46462957136535477,0.4299013487120558,-0.6260319586044545,0.45799208203964903,-0.37113153133625626,-0.03858122990713102,-0.08640657431796939,0.02663796283975966,-0.18571488058597097,0.1061752912668165,-0.21964207691402984,-0.12996215585936016,0.16635483212089666,-0.3280872099964625,0.20598774148320678,-0.2233785956018467,0.07912634343213851,-0.13248319778656276,-0.0787837161581286,-0.1575766993488347,-0.05178058393783629,-0.003122351061649622,-0.0022454226076604085,-0.0016292350521615745,-0.01563874456237747,-0.0037571707580493457,0.02050084569723241,0.0009990563547062098,0.005961940166053687,0.05414008950002732,0.045915579282577564,-0.006323036450020999,-0.03669597946260472,0.008010763923284042,0.02198247355034439,0.06355764418992063,-0.2983408180990091,-0.03014661517915468,0.6267517893253592
mfcc_1,-0.09152743505855639,-0.09304222141751897,-0.01613912773960099,0.0181147117983406,-0.003343589471820946,-0.0076503638438923495,-0.007141618759728065,0.02447571550165642,0.006911410828019452,0.5329503016623546,-0.07544363948801248,-0.08212344388344313,-0.08726804121169267,-0.09050849261942324,-0.11763145730664333,-0.16072002542045857,-0.10853299867215763,-0.07923838514214548,-0.07018093570691947,-0.06506406566861961,-0.05320688728088365,-0.06539513577659614,0.5737029508370614,1.0,0.1379152236361621,-0.4493855495226372,0.028975824776285544,-0.19336138246896034,0.16502356880175667,-0.26302362839234045,-0.1179977713559823,-0.36982077192987173,0.17031750534267553,-0.2883299941435911,0.06577325809403971,-0.37754584963338295,0.02431730410768629,-0.22420768465777102,0.011532633061754687,-0.26743416699154926,0.001967716957961566,-0.19927573439384055,-0.31347351030276743,-0.25620791705349116,-0.25399633327851545,-0.06296168676322576,-0.008866691616250859,-0.007636910711194464,-0.0027514403397364637,-0.0245700408226552,-0.009969579485956727,0.017924804402386054,-0.03206132205079741,-0.025334702170137217,0.0337616443984629,-0.010447308078200905,-0.04755596361285915,-0.02254439695565649,-0.05487161451175164,-0.020870359586740314,0.003215999182680203,-0.10987290388959724,-0.07065746355003188,0.5269712940806485
mfcc_2,0.18637758266810092,0.18640680418717706,-0.05398236092076192,-0.03261169587046159,0.0059842799814406305,0.09617507597604363,-0.004304662148929345,-0.0681628481587194,-0.02692887957041824,-0.004147385635945833,-0.01849774901330536,-0.02229068085289274,-0.031362401826527816,-0.03725041110904377,-0.014133720416854925,0.013021955688791644,0.02241646210846745,-0.03193229828438202,-0.06203661390123308,-0.06834873592046804,-0.05807519689128241,-0.03889058881009468,-0.4866988160013454,0.1379152236361621,1.0,0.41222551203671437,-0.45540592136382446,0.5243399107974083,-0.2749002449000749,0.11514618526764227,-0.02594141787395703,-0.2040168242915666,0.06085016770538433,-0.033334496369727025,-0.01893109033789653,-0.0904715017597761,0.20705087249883797,-0.3738449833542925,0.4051375078843278,-0.45928534731377124,0.28493702025285866,-0.302360100718863,0.07360990044687526,0.09036425044918157,0.13011090472927575,0.02056525783875002,0.001879158617467683,0.018046174606870448,-0.004318976751313443,0.005296621026368025,0.007644356750208845,0.02400646909497123,0.004004876371015709,0.012306714965994926,-0.023635503067573723,-0.01820821014031807,0.0046814130853722455,0.13240653108766484,0.024335317699656845,0.020978826537840757,0.0031208495306936524,0.22380272710663326,0.005072198498842805,-0.009658395734332022
mfcc_3,0.18949045663211797,0.19097671315666048,-0.03313023564876877,-0.030902184977811716,0.010894805041277435,0.06704087539418332,-0.010890521106284575,-0.07980227758710695,-0.05550214202681432,-0.15281652625280143,0.10512843488534107,0.10490778213735012,0.0906057339774069,0.07683283825789247,0.08281319009131535,0.10545589902736127,0.1032939259984074,0.06622197868646847,0.049514256188324335,0.04790715464790158,0.05928798278376932,0.08469581514834473,-0.46462957136535477,-0.4493855495226372,0.41222551203671437,1.0,0.05808885978620052,0.313049233684782,-0.1551699557756047,0.24926343582872074,-0.09202828030818042,0.2807220476321763,-0.275448254865271,0.18383257304816314,-0.10168759924988582,0.26479702234043284,-0.03647887941200573,0.11366650333865554,-0.011004896392611449,0.06487788930749505,0.010087405068411355,0.0009778500582361758,6.181578149076667e-05,-0.02001190234134268,0.032678397314548774,0.021403665463092574,0.01446226306072993,0.022896374614211297,-0.002155071847625724,0.013989220909542112,0.012759102074954363,0.007834851411274261,0.0308141660332926,0.030928867139184277,-0.023674726257615762,0.02902800370751976,0.052548610088572395,0.15552455875251833,0.05404098739252667,0.06748154533647009,0.02923655655734744,0.23010858514986535,0.041343569522519864,-0.14468173700020712
mfcc_4,0.04476048952970958,0.045767385377788954,0.022314874553904185,0.025452852556800215,0.00542751048668611,0.010504579548461686,-0.015975376214714718,0.00879703897480943,0.005440201076341199,0.2706065439674724,0.05184346955089324,0.054540424207602606,0.05186233114038976,0.042399526441691725,0.032905065516378916,0.033302211664663434,0.042971652127209804,0.022946393648891106,0.019934488655817803,0.02860302589465298,0.040457310864172855,0.04951028253863342,0.4299013487120558,0.028975824776285544,-0.45540592136382446,0.05808885978620052,1.0,-0.3263165019630562,0.39237204500055384,-0.21571321819038464,0.18676236558324363,-0.0007307427832412816,0.058866864035261215,-0.13596882978958175,0.1650894155960034,-0.00540058454880498,-0.030743510551752968,0.2393742762024087,-0.24891083573849712,0.2836440903737681,-0.19168105933497165,0.14678116249578405,0.23059966344631674,0.22008987710556074,0.14812511994917227,-0.056599312113011474,-0.0047385196297401256,-0.006782265937432706,-0.007335434199486641,-0.017422602612856032,-0.011336678615167935,0.0036924576130757825,-0.004000084654996322,-0.002535431332714005,-0.006668251540496868,-0.002169573263060672,-0.04322662319449331,0.026706205639665567,-0.04282064972778238,-0.014763912995106716,-0.009929296518217435,0.047875853459513465,-0.06202405211466846,0.2843347150531991
mfcc_5,0.14018024230178558,0.13926980199230718,-0.038958882794717445,-0.02762122186573932,-0.003547478808857489,0.04828991574204501,0.0010849060265625487,-0.03153761298055144,-0.027016401873542248,-0.23631237084914786,0.08790736956750096,0.0824003435554158,0.06447600802384494,0.05678235936373427,0.048362889933033906,0.06678980504902478,0.07920952529734974,0.054102342868754774,0.04932835229350073,0.055535003110589086,0.07084864012753296,0.07942312858020188,-0.6260319586044545,-0.19336138246896034,0.5243399107974083,0.313049233684782,-0.3263165019630562,1.0,-0.3009392336404576,0.38740682295945955,0.011155262095710966,0.019165988988850323,0.004793681516713722,0.12643197155027586,-0.13104479210280837,0.0905133284010289,0.2024134260193696,-0.26270271287919394,0.38964561631460465,-0.36861985750206516,0.2738630630833696,-0.1934319303251003,-0.21197152736781066,-0.20447273436382807,-0.13787187227138956,0.0537118083177452,-1.4367495099582534e-05,0.0025126998405511163,-0.00412713133530191,0.015531268466130092,0.0023863232003584894,-0.011415054364619134,-0.00016805465577895574,-0.004435749843977692,-0.032752510178924395,-0.011292984357460702,0.017989380249968337,0.039123334547166516,0.03612002507591089,0.010950055555693804,-0.012373037299640876,0.17313683000717697,0.044283057859277386,-0.23122313478583428
mfcc_6,-0.05067467665346359,-0.05006957831627304,0.01740898129428662,0.012981077367274324,0.0019126613868464737,0.01337378924454702,0.0011697805012103114,0.012077126940614908,-0.029102830404321166,0.3432253509221327,0.052198966597496746,0.04654264346441549,0.034725288800125195,0.024805714803276913,0.021391741385116386,0.01775096194687366,0.027439175132435455,0.03271899165906089,0.050161240905516526,0.06525426194468147,0.0652126655414291,0.05812245695730641,0.45799208203964903,0.16502356880175667,-0.2749002449000749,-0.1551699557756047,0.39237204500055384,-0.3009392336404576,1.0,0.058705508641326745,0.061813842155071935,0.09651175274790583,0.07344804865334188,-0.056813524159297156,0.11149233611484462,-0.1323784253340707,-0.11595068452557117,0.24675932373711856,-0.2726962627539464,0.22875609087647006,-0.23230921481045008,0.024162538338180127,0.13585441627563877,0.16364748796838313,0.06322920698269847,-0.06848066836442739,-0.001604634820160304,-0.002930113685027352,-0.01090155351229654,-0.009309584681256483,-0.00609118483011202,0.017324819259736578,-0.0014110405304039561,0.003333340587145022,0.006672740614462562,0.0014142894194246166,-0.02759747470913196,0.020786469692358728,-0.03950618116746745,0.000560429892611536,0.00333092480059648,-0.06754731857835443,-0.06538380493655502,0.35350400554311817
